# script linea 487

## datos
tip<-structure(c(43.87, 44.59, 45.24, 45.71, 46.27, 46.89, 47.41, 
                 48.07, 49.19, 49.87, 50.36, 50.83, 51.1, 51.5, 51.68, 52.27, 
                 52.05, 52.01, 52.09, 53.01, 53.99, 54.43, 55.37, 55.97, 55.57, 
                 55.37, 55.37, 55.48, 54.91, 54.67, 54.78, 55.1, 55.32, 55.86, 
                 56.29, 56.78, 56.96, 57.32, 58.09, 59.37, 60.16, 59.78, 60.34, 
                 61.33, 62.29, 62.58, 62.96, 62.86, 62.72, 62.92, 63.1, 62.93, 
                 63.02, 63.42, 63.69, 64.41, 65.03, 65.43, 65.92, 66.95, 67.18, 
                 66.85, 66.97, 67.25, 68, 67.83, 67.24, 67.85, 68.7, 69.95, 69.75, 
                 69.75, 70.1, 69.99, 70.18, 69.83, 70.16, 69.84, 69.74, 70.57, 
                 70.61, 71.43, 73.16, 73.95, 74.53, 75.2, 74.96, 74.69, 74.4, 
                 74.08, 74.37, 74.72, 74.79, 74.98, 74.94, 74.37, 73.88, 74.09, 
                 74.97, 75.91, 75.83, 77.01, 77.92, 79.01, 79.92, 79.69, 80, 81.12, 
                 82.26, 84.91, 84.8, 86.99, 88.36, 87.42, 84.5, 82.22, 85.18, 
                 85.29, 86.81, 85.89, 85.57, 86.14, 85.46, 84.99, 84.12, 85.02, 
                 86.34, 88.13, 88.05, 88.28, 88.94, 89.96, 88.74, 88.06, 87.63, 
                 87, 87.01, 89.02, 91.31, 92.46, 93.94, 95.53, 96.22, 97.67, 96.34, 
                 95.43, 95.74, 96.38, 98.18, 98.83, 99.21, 97.67, 97.81, 97.66, 
                 98.1, 97.68, 95.12, 93.55, 94.89, 96.39, 96.26, 95.5, 94.39, 
                 94.24, 94.77, 95.69, 95.02, 94.77, 95.5, 95.21, 95.48, 95.93, 
                 94.73, 94.53, 94.32, 95.18, 96.57, 98.16, 98.04, 97.86, 97.4, 
                 97.08, 97.82, 98.45, 98.71, 98.06, 100, 98.72, 96.77, 100.44, 
                 99.08, 99.05, 101.07, 102.33, 104.39, 104.38, 103.37, 103.89, 
                 105.48, 105.32, 105.74, 106.19, 105.76, 107.12, 108.1, 108.38, 
                 107.15, 106.9, 107.19, 109.24, 107.76, 108.12, 107.48, 107.31, 
                 106.87, 106.39, 105.86, 107.1, 107.7, 108.17, 109.04, 110.76, 
                 111.29, 111.5, 111.35, 111.14, 111.41, 113.86, 113.72, 113.45, 
                 113.26, 115.97, 117.52, 115.67, 113.86, 114.53, 115.6, 116.37, 
                 118.03, 119.91, 117.99, 118.68, 118.91, 120.35, 120.34, 120.31, 
                 120.79, 119.91), .Tsp = c(1999.41666666667, 2020, 12), class = "ts")

pfbI<-structure(c(16200L, 16160L, 15700L, 15120L, 15000L, 15280L, 15240L, 
                  15400L, 15420L, 15800L, 15740L, 15900L, 16100L, 16000L, 16180L, 
                  15980L, 15600L, 15700L, 15400L, 15300L, 15220L, 15300L, 14900L, 
                  15580L, 15600L, 15800L, 15840L, 16220L, 16180L, 16600L, 16420L, 
                  16000L, 16300L, 15900L, 16140L, 15860L, 15800L, 16180L, 16000L, 
                  16460L, 16440L, 16520L, 16580L, 16680L, 17000L, 17000L, 16900L, 
                  16940L, 16920L, 17100L, 17480L, 17460L, 17460L, 17580L, 17200L, 
                  16880L, 16800L, 17100L, 17000L, 17020L, 17360L, 18520L, 17740L, 
                  18220L, 17920L, 17300L, 17420L, 17680L, 18000L, 18000L, 17720L, 
                  17600L, 17360L, 17000L, 16760L, 16200L, 16080L, 16460L, 16500L, 
                  16600L, 16120L, 16500L, 16280L, 16000L, 15520L, 15100L, 14880L, 
                  14880L, 14980L, 14960L, 14560L, 14580L, 14200L, 14600L, 14560L, 
                  14820L, 14740L, 14900L, 14800L, 14340L, 14060L, 13880L, 13860L, 
                  13700L, 13600L, 13940L, 13800L, 13420L, 13200L, 12940L, 13100L, 
                  13500L, 13700L, 13860L, 13700L, 14000L, 14380L, 14680L, 14440L, 
                  15180L, 15400L, 15300L, 14980L, 14900L, 14900L, 14640L, 14880L, 
                  15460L, 15140L, 14880L, 14900L, 14820L, 14700L, 15200L, 15240L, 
                  15040L, 14960L, 14900L, 15160L, 15400L, 15580L, 16240L, 16460L, 
                  16960L, 16940L, 16420L, 16920L, 17320L, 17240L, 17860L, 17720L, 
                  17320L, 16340L, 15620L, 15220L, 16140L, 15580L, 15660L, 15900L, 
                  15820L, 15600L, 15440L, 15980L, 15680L, 15700L, 15320L, 14340L, 
                  14060L, 13240L, 12600L, 11460L, 12660L, 11520L, 10860L, 11160L, 
                  10960L, 11160L, 10660L, 10380L, 9900L, 9600L, 9830L, 10960L, 
                  11460L, 11840L, 12380L, 11840L, 10980L, 11580L, 11800L, 11440L, 
                  11200L, 11080L, 11720L, 11160L, 11160L, 11000L, 10800L, 11260L, 
                  11180L, 11420L, 11560L, 11680L, 11500L, 11780L, 12140L, 12440L, 
                  12440L, 13280L, 13500L, 13420L, 13200L, 13100L, 12960L, 13080L, 
                  12960L, 12900L, 12920L, 13000L, 12740L, 12740L, 12740L, 12860L, 
                  13080L, 12980L, 13120L, 12920L, 12880L, 12880L, 12980L, 12720L, 
                  12260L, 12660L, 12780L, 12320L, 12220L, 12140L, 12180L, 12340L, 
                  12240L, 12700L, 12580L, 12820L, 12560L, 12560L, 12580L, 12340L, 
                  12500L, 12520L, 12500L, 12320L, 11900L, 11900L, 11940L, 11600L, 
                  11280L, 11300L, 10920L, 10800L, 10540L, 10720L, 10960L, 11000L, 
                  10640L, 10720L, 11040L, 10940L, 10980L, 11080L, 11420L, 11300L, 
                  11520L, 11640L, 11860L, 11700L, 11800L, 12040L, 11960L, 12280L, 
                  12180L, 12300L, 12180L, 11820L, 12140L, 12300L, 12800L, 12840L, 
                  12780L, 12700L, 12640L, 12580L, 12540L, 12580L, 12540L, 12540L, 
                  12400L, 12360L, 12380L, 12360L, 12800L, 12780L, 12820L, 13200L, 
                  13360L, 13760L, 13900L, 14060L, 14700L, 15280L, 15420L, 15380L, 
                  14840L, 15140L, 15120L, 15760L, 15860L, 15860L, 15640L, 15680L, 
                  15900L, 15760L, 15600L, 15500L, 15760L, 15800L, 15780L, 15840L, 
                  16000L, 16100L, 16020L, 16020L, 16280L, 16020L, 15900L, 15880L, 
                  15940L, 16480L, 16180L, 16240L, 16260L, 16320L, 16440L, 16540L, 
                  16460L, 16480L, 16400L, 16260L, 15760L, 15400L, 15240L, 15100L, 
                  15260L, 15340L, 15280L, 15400L, 15500L, 15720L, 15940L, 16000L, 
                  16080L, 15920L, 16000L, 16360L, 16400L, 16660L, 16800L, 16700L, 
                  17000L, 17260L, 16940L, 17180L, 17360L, 17560L, 17500L, 17400L, 
                  17780L, 17980L, 18460L, 18820L, 18600L, 18200L, 18400L, 18140L, 
                  17800L, 17560L, 17360L, 17760L, 17900L, 18240L, 18360L, 18340L, 
                  18280L, 18160L, 18580L, 18840L, 18960L, 19260L, 19140L, 19200L, 
                  19520L, 19260L, 19560L, 20260L, 20280L, 20600L, 20360L, 20180L, 
                  20620L, 20640L, 20740L, 20480L, 20060L, 19780L, 19540L, 19600L, 
                  19380L, 20260L, 20200L, 20320L, 20220L, 20420L, 20360L, 20060L, 
                  19940L, 20420L, 19700L, 19500L, 19960L, 20400L, 20260L, 20800L, 
                  20860L, 20680L, 20660L, 20620L, 20940L, 20940L, 21200L, 21200L, 
                  21280L, 21300L, 21600L, 21500L, 21600L, 21500L, 21960L, 22400L, 
                  22800L, 22800L, 22720L, 22640L, 22540L, 22760L, 22720L, 23160L, 
                  23720L, 24040L, 23600L, 23180L, 23240L, 23080L, 23000L, 22980L, 
                  23000L, 23060L, 22820L, 23000L, 22800L, 22500L, 22540L, 22300L, 
                  22340L, 22300L, 22500L, 22260L, 22640L, 22520L, 22040L, 22300L, 
                  22020L, 22020L, 21500L, 21600L, 21760L, 21840L, 22040L, 21700L, 
                  21380L, 20900L, 20740L, 20980L, 21400L, 21400L, 21100L, 21260L, 
                  21540L, 21540L, 21600L, 22000L, 22020L, 21820L, 22180L, 22000L, 
                  22220L, 22420L, 22300L, 22380L, 22200L, 22020L, 22200L, 21840L, 
                  21760L, 21940L, 22040L, 21960L, 21820L, 22280L, 22280L, 21800L, 
                  21980L, 22000L, 22040L, 22000L, 22180L, 22080L, 22280L, 22480L, 
                  22500L, 22880L, 23420L, 23100L, 23240L, 23400L, 23900L, 23980L, 
                  23400L, 23000L, 23340L, 23220L, 23300L, 23320L, 23120L, 22980L, 
